# Tetrahedron method
       -5.7147780123        0.0000000000
       -5.4258003645        0.0000000000
       -5.1368227167        0.0000000000
       -4.8478450688        0.0000000000
       -4.5588674210        0.0000000000
       -4.2698897731        0.0000000000
       -3.9809121253        0.0000000000
       -3.6919344774        0.0000000000
       -3.4029568296        0.0000000000
       -3.1139791817        0.0000000000
       -2.8250015339        0.0000000000
       -2.5360238860        0.0000000000
       -2.2470462382        0.0000000000
       -1.9580685904        0.0000000000
       -1.6690909425        0.0000000000
       -1.3801132947        0.0000000000
       -1.0911356468        0.0000000000
       -0.8021579990        0.1497157325
       -0.5131803511        0.0567162563
       -0.2242027033        0.0345327404
        0.0647749446        0.0210619838
        0.3537525924        0.0215746526
        0.6427302403        0.0226909752
        0.9317078881        0.0269908525
        1.2206855359        0.0308036440
        1.5096631838        0.0392565715
        1.7986408316        0.0423759183
        2.0876184795        0.0453652673
        2.3765961273        0.0473635595
        2.6655737752        0.0490382348
        2.9545514230        0.0505598822
        3.2435290709        0.0520103749
        3.5325067187        0.0542026505
        3.8214843666        0.0560250379
        4.1104620144        0.0576569628
        4.3994396623        0.0590981230
        4.6884173101        0.0604789952
        4.9773949579        0.0618184104
        5.2663726058        0.0631374982
        5.5553502536        0.0652827069
        5.8443279015        0.0669786049
        6.1333055493        0.0686510473
        6.4222831972        0.0702329195
        6.7112608450        0.0723644671
        7.0002384929        0.0740888104
        7.2892161407        0.0760009100
        7.5781937886        0.0779590131
        7.8671714364        0.0801368115
        8.1561490842        0.0819473595
        8.4451267321        0.0836812541
        8.7341043799        0.0861780499
        9.0230820278        0.0892931889
        9.3120596756        0.0916619975
        9.6010373235        0.0938987550
        9.8900149713        0.0970425565
       10.1789926192        0.0999020846
       10.4679702670        0.1029669896
       10.7569479149        0.1059232882
       11.0459255627        0.1104427430
       11.3349032105        0.1143996691
       11.6238808584        0.1186035490
       11.9128585062        0.1243960196
       12.2018361541        0.1316293190
       12.4908138019        0.1397532184
       12.7797914498        0.1490231617
       13.0687690976        0.1693285364
       13.3577467455        0.2113955491
       13.6467243933        0.1602460185
       13.9357020412        0.1222236951
       14.2246796890        0.0980952598
       14.5136573368        0.0876718534
       14.8026349847        0.0809912704
       15.0916126325        0.0747205052
       15.3805902804        0.0572985600
       15.6695679282        0.0590337878
       15.9585455761        0.0613940698
       16.2475232239        0.0644733217
       16.5365008718        0.0854758811
       16.8254785196        0.0950772273
       17.1144561675        0.1076438133
       17.4034338153        0.1213067949
       17.6924114632        0.1330674898
       17.9813891110        0.1508173023
       18.2703667588        0.1660187273
       18.5593444067        0.2059188054
       18.8483220545        0.2509790854
       19.1372997024        0.2977657677
       19.4262773502        0.2413675524
       19.7152549981        0.2293112036
       20.0042326459        0.2355878608
       20.2932102938        0.1920739155
       20.5821879416        0.2044579529
       20.8711655895        0.1966336326
       21.1601432373        0.1998630560
       21.4491208851        0.1272325854
       21.7380985330        0.1437722875
       22.0270761808        0.1556851322
       22.3160538287        0.2012647066
       22.6050314765        0.1743971266
       22.8940091244        0.1710200810
       23.1829867722        0.1742183538
       23.4719644201        0.1803819233
       23.7609420679        0.1997317731
       24.0499197158        0.1906018869
       24.3388973636        0.0713776860
       24.6278750114        0.1528623460
       24.9168526593        0.2172255902
       25.2058303071        0.2016737006
       25.4948079550        0.2088668447
       25.7837856028        0.2298806430
       26.0727632507        0.2758674126
       26.3617408985        0.0600891628
       26.6507185464        0.0594484343
       26.9396961942        0.0594023870
       27.2286738421        0.0593334394
       27.5176514899        0.0587631760
       27.8066291378        0.0580785559
       28.0956067856        0.0578627052
       28.3845844334        0.0583500557
       28.6735620813        0.0575303562
       28.9625397291        0.0582358408
       29.2515173770        0.0579805347
       29.5404950248        0.0556125142
       29.8294726727        0.0430376071
       30.1184503205        0.0442338527
       30.4074279684        0.0449541870
       30.6964056162        0.0458855046
       30.9853832641        0.0484216742
       31.2743609119        0.0494903720
       31.5633385597        0.0502212502
       31.8523162076        0.0509250373
       32.1412938554        0.0539930659
       32.4302715033        0.0552491888
       32.7192491511        0.0561068583
       33.0082267990        0.0585181542
       33.2972044468        0.0606161755
       33.5861820947        0.0613438540
       33.8751597425        0.0643596152
       34.1641373904        0.0659587735
       34.4531150382        0.0671689169
       34.7420926860        0.0693826842
       35.0310703339        0.0725527563
       35.3200479817        0.0736272974
       35.6090256296        0.0776377208
       35.8980032774        0.0806552149
       36.1869809253        0.0848277928
       36.4759585731        0.0956691010
       36.7649362210        0.1059674234
       37.0539138688        0.0923479658
       37.3428915167        0.1098197319
       37.6318691645        0.1127565701
       37.9208468123        0.1110950276
       38.2098244602        0.1251014671
       38.4988021080        0.1235842002
       38.7877797559        0.1290927874
       39.0767574037        0.1290886075
       39.3657350516        0.1343335812
       39.6547126994        0.1494708802
       39.9436903473        0.1424347441
       40.2326679951        0.1462981358
       40.5216456430        0.1751851992
       40.8106232908        0.3516990323
       41.0996009387        0.4147499514
       41.3885785865        0.2413595195
       41.6775562343        0.2096050416
       41.9665338822        0.1952454775
       42.2555115300        0.1892791516
       42.5444891779        0.1841353065
       42.8334668257        0.1819543530
       43.1224444736        0.1822910143
       43.4114221214        0.1800250696
       43.7003997693        0.1877765125
       43.9893774171        0.1884084911
       44.2783550650        0.1993562469
       44.5673327128        0.2022888590
       44.8563103606        0.2247284236
       45.1452880085        0.2577209658
       45.4342656563        0.3565249028
       45.7232433042        0.1628161873
       46.0122209520        0.1728683184
       46.3011985999        0.1966444345
       46.5901762477        0.2330106804
       46.8791538956        0.3215518910
       47.1681315434        0.6649856082
       47.4571091913        0.0000000000
       47.7460868391        0.0000000000
       48.0350644869        0.0000000000
       48.3240421348        0.0000000000
       48.6130197826        0.0000000000
       48.9019974305        0.0000000000
       49.1909750783        0.0000000000
       49.4799527262        0.0000000000
       49.7689303740        0.0000000000
       50.0579080219        0.0000000000
       50.3468856697        0.0000000000
       50.6358633176        0.0000000000
       50.9248409654        0.0000000000
       51.2138186133        0.0000000000
       51.5027962611        0.0000000000
       51.7917739089        0.0000000000
       52.0807515568        0.0000000000
